start=157.490667
volume=90.000000
vf=@skip-logo:fingerprint
vid=no
sid=1
